#################################################################################
# Cross Section File Template : mass CrossSection(pb) ErrorUp (pb) ErrorDown (pb)
# Info taken from Latinos Sample Production 8 TeV, Summer12 :
# https://docs.google.com/spreadsheet/ccc?key=0Ankm0DuoD0h0dHRhV1VNSlV1NEdhNFdyOXh3eFpSMHc&authkey=CLfExyY&authkey=CLfExyY#gid=36
#################################################################################

110   0.13  0.0845 0.0845
115   0.21  0.1365 0.1365
120   0.33  0.2145 0.2145
125   0.44  0.286  0.286
130   0.58  0.377  0.377
135   0.71  0.4615 0.4615
140   0.83  0.5395 0.5395
145   0.92  0.598  0.598
150   1.00  0.65   0.65
155   1.06  0.689  0.689
160   1.13  0.7345 0.7345
170   1.03  0.6695 0.6695
180   0.87  0.5655 0.5655
190   0.64  0.416  0.416
200   0.54  0.351  0.351
250   0.33  0.2145 0.2145
300   0.24  0.156  0.156
